12,34,534,6754,234,4,57676,234,658,234,67,0,24,5,6,8,4,56,9,1,2354,2,578
5,6,3,2,5,78,2,69,98,1,2,3,5,4,55,111,123,87,56,3645,31,7,2,9,22,90,54,9
9,6,3,2,1,21,28,645,73,9,2,4,25,96,34,2,5,74,32,5,8,1,566,21,45,36,9,512
0,3,6,42,59,963,20,7,3,85,42,6,7,14,156,247,36,50,145,67,45,4,39,13,2,46
50,3,6,42,59,963,20,787,3,85,452,6,7,14,156,247,36,50,145,67,45,4,39,13,2,546
60,33,6,42,59,963,240,7,30,85,42,63,7,824,156,247,36,50,145,67,45,4,39,13,2,46
0,3,6,42,549,963,280,7,3,85,42,6,7,14,1356,247,36,50,145,67,45,4,39,13,2,46
12,34,534,6754,234,4,57676,234,658,234,67,0,24,5,6,8,4,56,9,1,2354,2,578
5,6,3,2,5,78,2,69,98,1,2,3,5,4,55,111,123,87,56,3645,31,7,2,9,22,90,54,9
9,6,3,2,1,21,28,645,73,9,2,4,25,96,34,2,5,74,32,5,8,1,566,21,45,36,9,512
0,3,6,42,59,963,20,7,3,85,42,6,7,14,156,247,36,50,145,67,45,4,39,13,2,46
50,3,6,42,59,963,20,787,3,85,452,6,7,14,156,247,36,50,145,67,45,4,39,13,2,546
60,33,6,42,59,963,240,7,30,85,42,63,7,824,156,247,36,50,145,67,45,4,39,13,2,46
0,3,6,42,549,963,280,7,3,85,42,6,7,14,1356,247,36,50,145,67,45,4,39,13,2,46
12,34,534,6754,234,4,57676,234,658,234,67,0,24,5,6,8,4,56,9,1,2354,2,578
5,6,3,2,5,78,2,69,98,1,2,3,5,4,55,111,123,87,56,3645,31,7,2,9,22,90,54,9
9,6,3,2,1,21,28,645,73,9,2,4,25,96,34,2,5,74,32,5,8,1,566,21,45,36,9,512
0,3,6,42,59,963,20,7,3,85,42,6,7,14,156,247,36,50,145,67,45,4,39,13,2,46
50,3,6,42,59,963,20,787,3,85,452,6,7,14,156,247,36,50,145,67,45,4,39,13,2,546
60,33,6,42,59,963,240,7,30,85,42,63,7,824,156,247,36,50,145,67,45,4,39,13,2,46
0,3,6,42,549,963,280,7,3,85,42,6,7,14,1356,247,36,50,145,67,45,4,39,13,2,46
12,34,534,6754,234,4,57676,234,658,234,67,0,24,5,6,8,4,56,9,1,2354,2,578
5,6,3,2,5,78,2,69,98,1,2,3,5,4,55,111,123,87,56,3645,31,7,2,9,22,90,54,9
9,6,3,2,1,21,28,645,73,9,2,4,25,96,34,2,5,74,32,5,8,1,566,21,45,36,9,512
0,3,6,42,59,963,20,7,3,85,42,6,7,14,156,247,36,50,145,67,45,4,39,13,2,46
50,3,6,42,59,963,20,787,3,85,452,6,7,14,156,247,36,50,145,67,45,4,39,13,2,546
60,33,6,42,59,963,240,7,30,85,42,63,7,824,156,247,36,50,145,67,45,4,39,13,2,46
0,3,6,42,549,963,280,7,3,85,42,6,7,14,1356,247,36,50,145,67,45,4,39,13,2,46
12,34,534,6754,234,4,57676,234,658,234,67,0,24,5,6,8,4,56,9,1,2354,2,578
5,6,3,2,5,78,2,69,98,1,2,3,5,4,55,111,123,87,56,3645,31,7,2,9,22,90,54,9
9,6,3,2,1,21,28,645,73,9,2,4,25,96,34,2,5,74,32,5,8,1,566,21,45,36,9,512
0,3,6,42,59,963,20,7,3,85,42,6,7,14,156,247,36,50,145,67,45,4,39,13,2,46
50,3,6,42,59,963,20,787,3,85,452,6,7,14,156,247,36,50,145,67,45,4,39,13,2,546
60,33,6,42,59,963,240,7,30,85,42,63,7,824,156,247,36,50,145,67,45,4,39,13,2,46
0,3,6,42,549,963,280,7,3,85,42,6,7,14,1356,247,36,50,145,67,45,4,39,13,2,46
12,34,534,6754,234,4,57676,234,658,234,67,0,24,5,6,8,4,56,9,1,2354,2,578
5,6,3,2,5,78,2,69,98,1,2,3,5,4,55,111,123,87,56,3645,31,7,2,9,22,90,54,9
9,6,3,2,1,21,28,645,73,9,2,4,25,96,34,2,5,74,32,5,8,1,566,21,45,36,9,512
0,3,6,42,59,963,20,7,3,85,42,6,7,14,156,247,36,50,145,67,45,4,39,13,2,46
50,3,6,42,59,963,20,787,3,85,452,6,7,14,156,247,36,50,145,67,45,4,39,13,2,546
60,33,6,42,59,963,240,7,30,85,42,63,7,824,156,247,36,50,145,67,45,4,39,13,2,46
0,3,6,42,549,963,280,7,3,85,42,6,7,14,1356,247,36,50,145,67,45,4,39,13,2,46
12,34,534,6754,234,4,57676,234,658,234,67,0,24,5,6,8,4,56,9,1,2354,2,578
5,6,3,2,5,78,2,69,98,1,2,3,5,4,55,111,123,87,56,3645,31,7,2,9,22,90,54,9
9,6,3,2,1,21,28,645,73,9,2,4,25,96,34,2,5,74,32,5,8,1,566,21,45,36,9,512
0,3,6,42,59,963,20,7,3,85,42,6,7,14,156,247,36,50,145,67,45,4,39,13,2,46
50,3,6,42,59,963,20,787,3,85,452,6,7,14,156,247,36,50,145,67,45,4,39,13,2,546
60,33,6,42,59,963,240,7,30,85,42,63,7,824,156,247,36,50,145,67,45,4,39,13,2,46
0,3,6,42,549,963,280,7,3,85,42,6,7,14,1356,247,36,50,145,67,45,4,39,13,2,46
12,34,534,6754,234,4,57676,234,658,234,67,0,24,5,6,8,4,56,9,1,2354,2,578
5,6,3,2,5,78,2,69,98,1,2,3,5,4,55,111,123,87,56,3645,31,7,2,9,22,90,54,9
9,6,3,2,1,21,28,645,73,9,2,4,25,96,34,2,5,74,32,5,8,1,566,21,45,36,9,512
0,3,6,42,59,963,20,7,3,85,42,6,7,14,156,247,36,50,145,67,45,4,39,13,2,46
50,3,6,42,59,963,20,787,3,85,452,6,7,14,156,247,36,50,145,67,45,4,39,13,2,546
60,33,6,42,59,963,240,7,30,85,42,63,7,824,156,247,36,50,145,67,45,4,39,13,2,46
0,3,6,42,549,963,280,7,3,85,42,6,7,14,1356,247,36,50,145,67,45,4,39,13,2,46
12,34,534,6754,234,4,57676,234,658,234,67,0,24,5,6,8,4,56,9,1,2354,2,578
5,6,3,2,5,78,2,69,98,1,2,3,5,4,55,111,123,87,56,3645,31,7,2,9,22,90,54,9
9,6,3,2,1,21,28,645,73,9,2,4,25,96,34,2,5,74,32,5,8,1,566,21,45,36,9,512
0,3,6,42,59,963,20,7,3,85,42,6,7,14,156,247,36,50,145,67,45,4,39,13,2,46
50,3,6,42,59,963,20,787,3,85,452,6,7,14,156,247,36,50,145,67,45,4,39,13,2,546
60,33,6,42,59,963,240,7,30,85,42,63,7,824,156,247,36,50,145,67,45,4,39,13,2,46
0,3,6,42,549,963,280,7,3,85,42,6,7,14,1356,247,36,50,145,67,45,4,39,13,2,46
12,34,534,6754,234,4,57676,234,658,234,67,0,24,5,6,8,4,56,9,1,2354,2,578
5,6,3,2,5,78,2,69,98,1,2,3,5,4,55,111,123,87,56,3645,31,7,2,9,22,90,54,9
9,6,3,2,1,21,28,645,73,9,2,4,25,96,34,2,5,74,32,5,8,1,566,21,45,36,9,512
0,3,6,42,59,963,20,7,3,85,42,6,7,14,156,247,36,50,145,67,45,4,39,13,2,46
50,3,6,42,59,963,20,787,3,85,452,6,7,14,156,247,36,50,145,67,45,4,39,13,2,546
60,33,6,42,59,963,240,7,30,85,42,63,7,824,156,247,36,50,145,67,45,4,39,13,2,46
0,3,6,42,549,963,280,7,3,85,42,6,7,14,1356,247,36,50,145,67,45,4,39,13,2,46
12,34,534,6754,234,4,57676,234,658,234,67,0,24,5,6,8,4,56,9,1,2354,2,578
5,6,3,2,5,78,2,69,98,1,2,3,5,4,55,111,123,87,56,3645,31,7,2,9,22,90,54,9
9,6,3,2,1,21,28,645,73,9,2,4,25,96,34,2,5,74,32,5,8,1,566,21,45,36,9,512
0,3,6,42,59,963,20,7,3,85,42,6,7,14,156,247,36,50,145,67,45,4,39,13,2,46
50,3,6,42,59,963,20,787,3,85,452,6,7,14,156,247,36,50,145,67,45,4,39,13,2,546
60,33,6,42,59,963,240,7,30,85,42,63,7,824,156,247,36,50,145,67,45,4,39,13,2,46
0,3,6,42,549,963,280,7,3,85,42,6,7,14,1356,247,36,50,145,67,45,4,39,13,2,46
12,34,534,6754,234,4,57676,234,658,234,67,0,24,5,6,8,4,56,9,1,2354,2,578
5,6,3,2,5,78,2,69,98,1,2,3,5,4,55,111,123,87,56,3645,31,7,2,9,22,90,54,9
9,6,3,2,1,21,28,645,73,9,2,4,25,96,34,2,5,74,32,5,8,1,566,21,45,36,9,512
0,3,6,42,59,963,20,7,3,85,42,6,7,14,156,247,36,50,145,67,45,4,39,13,2,46
50,3,6,42,59,963,20,787,3,85,452,6,7,14,156,247,36,50,145,67,45,4,39,13,2,546
60,33,6,42,59,963,240,7,30,85,42,63,7,824,156,247,36,50,145,67,45,4,39,13,2,46
0,3,6,42,549,963,280,7,3,85,42,6,7,14,1356,247,36,50,145,67,45,4,39,13,2,46
12,34,534,6754,234,4,57676,234,658,234,67,0,24,5,6,8,4,56,9,1,2354,2,578
5,6,3,2,5,78,2,69,98,1,2,3,5,4,55,111,123,87,56,3645,31,7,2,9,22,90,54,9
9,6,3,2,1,21,28,645,73,9,2,4,25,96,34,2,5,74,32,5,8,1,566,21,45,36,9,512
0,3,6,42,59,963,20,7,3,85,42,6,7,14,156,247,36,50,145,67,45,4,39,13,2,46
50,3,6,42,59,963,20,787,3,85,452,6,7,14,156,247,36,50,145,67,45,4,39,13,2,546
60,33,6,42,59,963,240,7,30,85,42,63,7,824,156,247,36,50,145,67,45,4,39,13,2,46
0,3,6,42,549,963,280,7,3,85,42,6,7,14,1356,247,36,50,145,67,45,4,39,13,2,46
12,34,534,6754,234,4,57676,234,658,234,67,0,24,5,6,8,4,56,9,1,2354,2,578
5,6,3,2,5,78,2,69,98,1,2,3,5,4,55,111,123,87,56,3645,31,7,2,9,22,90,54,9
9,6,3,2,1,21,28,645,73,9,2,4,25,96,34,2,5,74,32,5,8,1,566,21,45,36,9,512
0,3,6,42,59,963,20,7,3,85,42,6,7,14,156,247,36,50,145,67,45,4,39,13,2,46
50,3,6,42,59,963,20,787,3,85,452,6,7,14,156,247,36,50,145,67,45,4,39,13,2,546
60,33,6,42,59,963,240,7,30,85,42,63,7,824,156,247,36,50,145,67,45,4,39,13,2,46
0,3,6,42,549,963,280,7,3,85,42,6,7,14,1356,247,36,50,145,67,45,4,39,13,2,46
12,34,534,6754,234,4,57676,234,658,234,67,0,24,5,6,8,4,56,9,1,2354,2,578
5,6,3,2,5,78,2,69,98,1,2,3,5,4,55,111,123,87,56,3645,31,7,2,9,22,90,54,9
9,6,3,2,1,21,28,645,73,9,2,4,25,96,34,2,5,74,32,5,8,1,566,21,45,36,9,512
0,3,6,42,59,963,20,7,3,85,42,6,7,14,156,247,36,50,145,67,45,4,39,13,2,46
50,3,6,42,59,963,20,787,3,85,452,6,7,14,156,247,36,50,145,67,45,4,39,13,2,546
60,33,6,42,59,963,240,7,30,85,42,63,7,824,156,247,36,50,145,67,45,4,39,13,2,46
0,3,6,42,549,963,280,7,3,85,42,6,7,14,1356,247,36,50,145,67,45,4,39,13,2,46
12,34,534,6754,234,4,57676,234,658,234,67,0,24,5,6,8,4,56,9,1,2354,2,578
5,6,3,2,5,78,2,69,98,1,2,3,5,4,55,111,123,87,56,3645,31,7,2,9,22,90,54,9
9,6,3,2,1,21,28,645,73,9,2,4,25,96,34,2,5,74,32,5,8,1,566,21,45,36,9,512
0,3,6,42,59,963,20,7,3,85,42,6,7,14,156,247,36,50,145,67,45,4,39,13,2,46
50,3,6,42,59,963,20,787,3,85,452,6,7,14,156,247,36,50,145,67,45,4,39,13,2,546
60,33,6,42,59,963,240,7,30,85,42,63,7,824,156,247,36,50,145,67,45,4,39,13,2,46
0,3,6,42,549,963,280,7,3,85,42,6,7,14,1356,247,36,50,145,67,45,4,39,13,2,46
12,34,534,6754,234,4,57676,234,658,234,67,0,24,5,6,8,4,56,9,1,2354,2,578
5,6,3,2,5,78,2,69,98,1,2,3,5,4,55,111,123,87,56,3645,31,7,2,9,22,90,54,9
9,6,3,2,1,21,28,645,73,9,2,4,25,96,34,2,5,74,32,5,8,1,566,21,45,36,9,512
0,3,6,42,59,963,20,7,3,85,42,6,7,14,156,247,36,50,145,67,45,4,39,13,2,46
50,3,6,42,59,963,20,787,3,85,452,6,7,14,156,247,36,50,145,67,45,4,39,13,2,546
60,33,6,42,59,963,240,7,30,85,42,63,7,824,156,247,36,50,145,67,45,4,39,13,2,46
0,3,6,42,549,963,280,7,3,85,42,6,7,14,1356,247,36,50,145,67,45,4,39,13,2,46
12,34,534,6754,234,4,57676,234,658,234,67,0,24,5,6,8,4,56,9,1,2354,2,578
5,6,3,2,5,78,2,69,98,1,2,3,5,4,55,111,123,87,56,3645,31,7,2,9,22,90,54,9
9,6,3,2,1,21,28,645,73,9,2,4,25,96,34,2,5,74,32,5,8,1,566,21,45,36,9,512
0,3,6,42,59,963,20,7,3,85,42,6,7,14,156,247,36,50,145,67,45,4,39,13,2,46
50,3,6,42,59,963,20,787,3,85,452,6,7,14,156,247,36,50,145,67,45,4,39,13,2,546
60,33,6,42,59,963,240,7,30,85,42,63,7,824,156,247,36,50,145,67,45,4,39,13,2,46
0,3,6,42,549,963,280,7,3,85,42,6,7,14,1356,247,36,50,145,67,45,4,39,13,2,46
12,34,534,6754,234,4,57676,234,658,234,67,0,24,5,6,8,4,56,9,1,2354,2,578
5,6,3,2,5,78,2,69,98,1,2,3,5,4,55,111,123,87,56,3645,31,7,2,9,22,90,54,9
9,6,3,2,1,21,28,645,73,9,2,4,25,96,34,2,5,74,32,5,8,1,566,21,45,36,9,512
0,3,6,42,59,963,20,7,3,85,42,6,7,14,156,247,36,50,145,67,45,4,39,13,2,46
50,3,6,42,59,963,20,787,3,85,452,6,7,14,156,247,36,50,145,67,45,4,39,13,2,546
60,33,6,42,59,963,240,7,30,85,42,63,7,824,156,247,36,50,145,67,45,4,39,13,2,46
0,3,6,42,549,963,280,7,3,85,42,6,7,14,1356,247,36,50,145,67,45,4,39,13,2,46
12,34,534,6754,234,4,57676,234,658,234,67,0,24,5,6,8,4,56,9,1,2354,2,578
5,6,3,2,5,78,2,69,98,1,2,3,5,4,55,111,123,87,56,3645,31,7,2,9,22,90,54,9
9,6,3,2,1,21,28,645,73,9,2,4,25,96,34,2,5,74,32,5,8,1,566,21,45,36,9,512
0,3,6,42,59,963,20,7,3,85,42,6,7,14,156,247,36,50,145,67,45,4,39,13,2,46
50,3,6,42,59,963,20,787,3,85,452,6,7,14,156,247,36,50,145,67,45,4,39,13,2,546
60,33,6,42,59,963,240,7,30,85,42,63,7,824,156,247,36,50,145,67,45,4,39,13,2,46
0,3,6,42,549,963,280,7,3,85,42,6,7,14,1356,247,36,50,145,67,45,4,39,13,2,46
v
12,34,534,6754,234,4,57676,234,658,234,67,0,24,5,6,8,4,56,9,1,2354,2,578
5,6,3,2,5,78,2,69,98,1,2,3,5,4,55,111,123,87,56,3645,31,7,2,9,22,90,54,9
9,6,3,2,1,21,28,645,73,9,2,4,25,96,34,2,5,74,32,5,8,1,566,21,45,36,9,512
0,3,6,42,59,963,20,7,3,85,42,6,7,14,156,247,36,50,145,67,45,4,39,13,2,46
50,3,6,42,59,963,20,787,3,85,452,6,7,14,156,247,36,50,145,67,45,4,39,13,2,546
60,33,6,42,59,963,240,7,30,85,42,63,7,824,156,247,36,50,145,67,45,4,39,13,2,46
0,3,6,42,549,963,280,7,3,85,42,6,7,14,1356,247,36,50,145,67,45,4,39,13,2,46
12,34,534,6754,234,4,57676,234,658,234,67,0,24,5,6,8,4,56,9,1,2354,2,578
5,6,3,2,5,78,2,69,98,1,2,3,5,4,55,111,123,87,56,3645,31,7,2,9,22,90,54,9
9,6,3,2,1,21,28,645,73,9,2,4,25,96,34,2,5,74,32,5,8,1,566,21,45,36,9,512
0,3,6,42,59,963,20,7,3,85,42,6,7,14,156,247,36,50,145,67,45,4,39,13,2,46
50,3,6,42,59,963,20,787,3,85,452,6,7,14,156,247,36,50,145,67,45,4,39,13,2,546
60,33,6,42,59,963,240,7,30,85,42,63,7,824,156,247,36,50,145,67,45,4,39,13,2,46
0,3,6,42,549,963,280,7,3,85,42,6,7,14,1356,247,36,50,145,67,45,4,39,13,2,46
12,34,534,6754,234,4,57676,234,658,234,67,0,24,5,6,8,4,56,9,1,2354,2,578
5,6,3,2,5,78,2,69,98,1,2,3,5,4,55,111,123,87,56,3645,31,7,2,9,22,90,54,9
9,6,3,2,1,21,28,645,73,9,2,4,25,96,34,2,5,74,32,5,8,1,566,21,45,36,9,512
0,3,6,42,59,963,20,7,3,85,42,6,7,14,156,247,36,50,145,67,45,4,39,13,2,46
50,3,6,42,59,963,20,787,3,85,452,6,7,14,156,247,36,50,145,67,45,4,39,13,2,546
60,33,6,42,59,963,240,7,30,85,42,63,7,824,156,247,36,50,145,67,45,4,39,13,2,46
0,3,6,42,549,963,280,7,3,85,42,6,7,14,1356,247,36,50,145,67,45,4,39,13,2,46
12,34,534,6754,234,4,57676,234,658,234,67,0,24,5,6,8,4,56,9,1,2354,2,578
5,6,3,2,5,78,2,69,98,1,2,3,5,4,55,111,123,87,56,3645,31,7,2,9,22,90,54,9
9,6,3,2,1,21,28,645,73,9,2,4,25,96,34,2,5,74,32,5,8,1,566,21,45,36,9,512
0,3,6,42,59,963,20,7,3,85,42,6,7,14,156,247,36,50,145,67,45,4,39,13,2,46
50,3,6,42,59,963,20,787,3,85,452,6,7,14,156,247,36,50,145,67,45,4,39,13,2,546
60,33,6,42,59,963,240,7,30,85,42,63,7,824,156,247,36,50,145,67,45,4,39,13,2,46
0,3,6,42,549,963,280,7,3,85,42,6,7,14,1356,247,36,50,145,67,45,4,39,13,2,46
12,34,534,6754,234,4,57676,234,658,234,67,0,24,5,6,8,4,56,9,1,2354,2,578
5,6,3,2,5,78,2,69,98,1,2,3,5,4,55,111,123,87,56,3645,31,7,2,9,22,90,54,9
9,6,3,2,1,21,28,645,73,9,2,4,25,96,34,2,5,74,32,5,8,1,566,21,45,36,9,512
0,3,6,42,59,963,20,7,3,85,42,6,7,14,156,247,36,50,145,67,45,4,39,13,2,46
50,3,6,42,59,963,20,787,3,85,452,6,7,14,156,247,36,50,145,67,45,4,39,13,2,546
60,33,6,42,59,963,240,7,30,85,42,63,7,824,156,247,36,50,145,67,45,4,39,13,2,46
0,3,6,42,549,963,280,7,3,85,42,6,7,14,1356,247,36,50,145,67,45,4,39,13,2,46
12,34,534,6754,234,4,57676,234,658,234,67,0,24,5,6,8,4,56,9,1,2354,2,578
5,6,3,2,5,78,2,69,98,1,2,3,5,4,55,111,123,87,56,3645,31,7,2,9,22,90,54,9
9,6,3,2,1,21,28,645,73,9,2,4,25,96,34,2,5,74,32,5,8,1,566,21,45,36,9,512
0,3,6,42,59,963,20,7,3,85,42,6,7,14,156,247,36,50,145,67,45,4,39,13,2,46
50,3,6,42,59,963,20,787,3,85,452,6,7,14,156,247,36,50,145,67,45,4,39,13,2,546
60,33,6,42,59,963,240,7,30,85,42,63,7,824,156,247,36,50,145,67,45,4,39,13,2,46
0,3,6,42,549,963,280,7,3,85,42,6,7,14,1356,247,36,50,145,67,45,4,39,13,2,46
12,34,534,6754,234,4,57676,234,658,234,67,0,24,5,6,8,4,56,9,1,2354,2,578
5,6,3,2,5,78,2,69,98,1,2,3,5,4,55,111,123,87,56,3645,31,7,2,9,22,90,54,9
9,6,3,2,1,21,28,645,73,9,2,4,25,96,34,2,5,74,32,5,8,1,566,21,45,36,9,512
0,3,6,42,59,963,20,7,3,85,42,6,7,14,156,247,36,50,145,67,45,4,39,13,2,46
50,3,6,42,59,963,20,787,3,85,452,6,7,14,156,247,36,50,145,67,45,4,39,13,2,546
60,33,6,42,59,963,240,7,30,85,42,63,7,824,156,247,36,50,145,67,45,4,39,13,2,46
0,3,6,42,549,963,280,7,3,85,42,6,7,14,1356,247,36,50,145,67,45,4,39,13,2,46
12,34,534,6754,234,4,57676,234,658,234,67,0,24,5,6,8,4,56,9,1,2354,2,578
5,6,3,2,5,78,2,69,98,1,2,3,5,4,55,111,123,87,56,3645,31,7,2,9,22,90,54,9
9,6,3,2,1,21,28,645,73,9,2,4,25,96,34,2,5,74,32,5,8,1,566,21,45,36,9,512
0,3,6,42,59,963,20,7,3,85,42,6,7,14,156,247,36,50,145,67,45,4,39,13,2,46
50,3,6,42,59,963,20,787,3,85,452,6,7,14,156,247,36,50,145,67,45,4,39,13,2,546
60,33,6,42,59,963,240,7,30,85,42,63,7,824,156,247,36,50,145,67,45,4,39,13,2,46
0,3,6,42,549,963,280,7,3,85,42,6,7,14,1356,247,36,50,145,67,45,4,39,13,2,46
12,34,534,6754,234,4,57676,234,658,234,67,0,24,5,6,8,4,56,9,1,2354,2,578
5,6,3,2,5,78,2,69,98,1,2,3,5,4,55,111,123,87,56,3645,31,7,2,9,22,90,54,9
9,6,3,2,1,21,28,645,73,9,2,4,25,96,34,2,5,74,32,5,8,1,566,21,45,36,9,512
0,3,6,42,59,963,20,7,3,85,42,6,7,14,156,247,36,50,145,67,45,4,39,13,2,46
50,3,6,42,59,963,20,787,3,85,452,6,7,14,156,247,36,50,145,67,45,4,39,13,2,546
60,33,6,42,59,963,240,7,30,85,42,63,7,824,156,247,36,50,145,67,45,4,39,13,2,46
0,3,6,42,549,963,280,7,3,85,42,6,7,14,1356,247,36,50,145,67,45,4,39,13,2,46
12,34,534,6754,234,4,57676,234,658,234,67,0,24,5,6,8,4,56,9,1,2354,2,578
5,6,3,2,5,78,2,69,98,1,2,3,5,4,55,111,123,87,56,3645,31,7,2,9,22,90,54,9
9,6,3,2,1,21,28,645,73,9,2,4,25,96,34,2,5,74,32,5,8,1,566,21,45,36,9,512
0,3,6,42,59,963,20,7,3,85,42,6,7,14,156,247,36,50,145,67,45,4,39,13,2,46
50,3,6,42,59,963,20,787,3,85,452,6,7,14,156,247,36,50,145,67,45,4,39,13,2,546
60,33,6,42,59,963,240,7,30,85,42,63,7,824,156,247,36,50,145,67,45,4,39,13,2,46
0,3,6,42,549,963,280,7,3,85,42,6,7,14,1356,247,36,50,145,67,45,4,39,13,2,46
12,34,534,6754,234,4,57676,234,658,234,67,0,24,5,6,8,4,56,9,1,2354,2,578
5,6,3,2,5,78,2,69,98,1,2,3,5,4,55,111,123,87,56,3645,31,7,2,9,22,90,54,9
9,6,3,2,1,21,28,645,73,9,2,4,25,96,34,2,5,74,32,5,8,1,566,21,45,36,9,512
0,3,6,42,59,963,20,7,3,85,42,6,7,14,156,247,36,50,145,67,45,4,39,13,2,46
50,3,6,42,59,963,20,787,3,85,452,6,7,14,156,247,36,50,145,67,45,4,39,13,2,546
60,33,6,42,59,963,240,7,30,85,42,63,7,824,156,247,36,50,145,67,45,4,39,13,2,46
0,3,6,42,549,963,280,7,3,85,42,6,7,14,1356,247,36,50,145,67,45,4,39,13,2,46
12,34,534,6754,234,4,57676,234,658,234,67,0,24,5,6,8,4,56,9,1,2354,2,578
5,6,3,2,5,78,2,69,98,1,2,3,5,4,55,111,123,87,56,3645,31,7,2,9,22,90,54,9
9,6,3,2,1,21,28,645,73,9,2,4,25,96,34,2,5,74,32,5,8,1,566,21,45,36,9,512
0,3,6,42,59,963,20,7,3,85,42,6,7,14,156,247,36,50,145,67,45,4,39,13,2,46
50,3,6,42,59,963,20,787,3,85,452,6,7,14,156,247,36,50,145,67,45,4,39,13,2,546
60,33,6,42,59,963,240,7,30,85,42,63,7,824,156,247,36,50,145,67,45,4,39,13,2,46
0,3,6,42,549,963,280,7,3,85,42,6,7,14,1356,247,36,50,145,67,45,4,39,13,2,46
12,34,534,6754,234,4,57676,234,658,234,67,0,24,5,6,8,4,56,9,1,2354,2,578
5,6,3,2,5,78,2,69,98,1,2,3,5,4,55,111,123,87,56,3645,31,7,2,9,22,90,54,9
9,6,3,2,1,21,28,645,73,9,2,4,25,96,34,2,5,74,32,5,8,1,566,21,45,36,9,512
0,3,6,42,59,963,20,7,3,85,42,6,7,14,156,247,36,50,145,67,45,4,39,13,2,46
50,3,6,42,59,963,20,787,3,85,452,6,7,14,156,247,36,50,145,67,45,4,39,13,2,546
60,33,6,42,59,963,240,7,30,85,42,63,7,824,156,247,36,50,145,67,45,4,39,13,2,46
0,3,6,42,549,963,280,7,3,85,42,6,7,14,1356,247,36,50,145,67,45,4,39,13,2,46
12,34,534,6754,234,4,57676,234,658,234,67,0,24,5,6,8,4,56,9,1,2354,2,578
5,6,3,2,5,78,2,69,98,1,2,3,5,4,55,111,123,87,56,3645,31,7,2,9,22,90,54,9
9,6,3,2,1,21,28,645,73,9,2,4,25,96,34,2,5,74,32,5,8,1,566,21,45,36,9,512
0,3,6,42,59,963,20,7,3,85,42,6,7,14,156,247,36,50,145,67,45,4,39,13,2,46
50,3,6,42,59,963,20,787,3,85,452,6,7,14,156,247,36,50,145,67,45,4,39,13,2,546
60,33,6,42,59,963,240,7,30,85,42,63,7,824,156,247,36,50,145,67,45,4,39,13,2,46
0,3,6,42,549,963,280,7,3,85,42,6,7,14,1356,247,36,50,145,67,45,4,39,13,2,46
12,34,534,6754,234,4,57676,234,658,234,67,0,24,5,6,8,4,56,9,1,2354,2,578
5,6,3,2,5,78,2,69,98,1,2,3,5,4,55,111,123,87,56,3645,31,7,2,9,22,90,54,9
9,6,3,2,1,21,28,645,73,9,2,4,25,96,34,2,5,74,32,5,8,1,566,21,45,36,9,512
0,3,6,42,59,963,20,7,3,85,42,6,7,14,156,247,36,50,145,67,45,4,39,13,2,46
50,3,6,42,59,963,20,787,3,85,452,6,7,14,156,247,36,50,145,67,45,4,39,13,2,546
60,33,6,42,59,963,240,7,30,85,42,63,7,824,156,247,36,50,145,67,45,4,39,13,2,46
0,3,6,42,549,963,280,7,3,85,42,6,7,14,1356,247,36,50,145,67,45,4,39,13,2,46
12,34,534,6754,234,4,57676,234,658,234,67,0,24,5,6,8,4,56,9,1,2354,2,578
5,6,3,2,5,78,2,69,98,1,2,3,5,4,55,111,123,87,56,3645,31,7,2,9,22,90,54,9
9,6,3,2,1,21,28,645,73,9,2,4,25,96,34,2,5,74,32,5,8,1,566,21,45,36,9,512
0,3,6,42,59,963,20,7,3,85,42,6,7,14,156,247,36,50,145,67,45,4,39,13,2,46
50,3,6,42,59,963,20,787,3,85,452,6,7,14,156,247,36,50,145,67,45,4,39,13,2,546
60,33,6,42,59,963,240,7,30,85,42,63,7,824,156,247,36,50,145,67,45,4,39,13,2,46
0,3,6,42,549,963,280,7,3,85,42,6,7,14,1356,247,36,50,145,67,45,4,39,13,2,46
12,34,534,6754,234,4,57676,234,658,234,67,0,24,5,6,8,4,56,9,1,2354,2,578
5,6,3,2,5,78,2,69,98,1,2,3,5,4,55,111,123,87,56,3645,31,7,2,9,22,90,54,9
9,6,3,2,1,21,28,645,73,9,2,4,25,96,34,2,5,74,32,5,8,1,566,21,45,36,9,512
0,3,6,42,59,963,20,7,3,85,42,6,7,14,156,247,36,50,145,67,45,4,39,13,2,46
50,3,6,42,59,963,20,787,3,85,452,6,7,14,156,247,36,50,145,67,45,4,39,13,2,546
60,33,6,42,59,963,240,7,30,85,42,63,7,824,156,247,36,50,145,67,45,4,39,13,2,46
0,3,6,42,549,963,280,7,3,85,42,6,7,14,1356,247,36,50,145,67,45,4,39,13,2,46
12,34,534,6754,234,4,57676,234,658,234,67,0,24,5,6,8,4,56,9,1,2354,2,578
5,6,3,2,5,78,2,69,98,1,2,3,5,4,55,111,123,87,56,3645,31,7,2,9,22,90,54,9
9,6,3,2,1,21,28,645,73,9,2,4,25,96,34,2,5,74,32,5,8,1,566,21,45,36,9,512
0,3,6,42,59,963,20,7,3,85,42,6,7,14,156,247,36,50,145,67,45,4,39,13,2,46
50,3,6,42,59,963,20,787,3,85,452,6,7,14,156,247,36,50,145,67,45,4,39,13,2,546
60,33,6,42,59,963,240,7,30,85,42,63,7,824,156,247,36,50,145,67,45,4,39,13,2,46
0,3,6,42,549,963,280,7,3,85,42,6,7,14,1356,247,36,50,145,67,45,4,39,13,2,46
12,34,534,6754,234,4,57676,234,658,234,67,0,24,5,6,8,4,56,9,1,2354,2,578
5,6,3,2,5,78,2,69,98,1,2,3,5,4,55,111,123,87,56,3645,31,7,2,9,22,90,54,9
9,6,3,2,1,21,28,645,73,9,2,4,25,96,34,2,5,74,32,5,8,1,566,21,45,36,9,512
0,3,6,42,59,963,20,7,3,85,42,6,7,14,156,247,36,50,145,67,45,4,39,13,2,46
50,3,6,42,59,963,20,787,3,85,452,6,7,14,156,247,36,50,145,67,45,4,39,13,2,546
60,33,6,42,59,963,240,7,30,85,42,63,7,824,156,247,36,50,145,67,45,4,39,13,2,46
0,3,6,42,549,963,280,7,3,85,42,6,7,14,1356,247,36,50,145,67,45,4,39,13,2,46
12,34,534,6754,234,4,57676,234,658,234,67,0,24,5,6,8,4,56,9,1,2354,2,578
5,6,3,2,5,78,2,69,98,1,2,3,5,4,55,111,123,87,56,3645,31,7,2,9,22,90,54,9
9,6,3,2,1,21,28,645,73,9,2,4,25,96,34,2,5,74,32,5,8,1,566,21,45,36,9,512
0,3,6,42,59,963,20,7,3,85,42,6,7,14,156,247,36,50,145,67,45,4,39,13,2,46
50,3,6,42,59,963,20,787,3,85,452,6,7,14,156,247,36,50,145,67,45,4,39,13,2,546
60,33,6,42,59,963,240,7,30,85,42,63,7,824,156,247,36,50,145,67,45,4,39,13,2,46
0,3,6,42,549,963,280,7,3,85,42,6,7,14,1356,247,36,50,145,67,45,4,39,13,2,46
12,34,534,6754,234,4,57676,234,658,234,67,0,24,5,6,8,4,56,9,1,2354,2,578
5,6,3,2,5,78,2,69,98,1,2,3,5,4,55,111,123,87,56,3645,31,7,2,9,22,90,54,9
9,6,3,2,1,21,28,645,73,9,2,4,25,96,34,2,5,74,32,5,8,1,566,21,45,36,9,512
0,3,6,42,59,963,20,7,3,85,42,6,7,14,156,247,36,50,145,67,45,4,39,13,2,46
50,3,6,42,59,963,20,787,3,85,452,6,7,14,156,247,36,50,145,67,45,4,39,13,2,546
60,33,6,42,59,963,240,7,30,85,42,63,7,824,156,247,36,50,145,67,45,4,39,13,2,46
0,3,6,42,549,963,280,7,3,85,42,6,7,14,1356,247,36,50,145,67,45,4,39,13,2,46

12,34,534,6754,234,4,57676,234,658,234,67,0,24,5,6,8,4,56,9,1,2354,2,578
5,6,3,2,5,78,2,69,98,1,2,3,5,4,55,111,123,87,56,3645,31,7,2,9,22,90,54,9
9,6,3,2,1,21,28,645,73,9,2,4,25,96,34,2,5,74,32,5,8,1,566,21,45,36,9,512
0,3,6,42,59,963,20,7,3,85,42,6,7,14,156,247,36,50,145,67,45,4,39,13,2,46
50,3,6,42,59,963,20,787,3,85,452,6,7,14,156,247,36,50,145,67,45,4,39,13,2,546
60,33,6,42,59,963,240,7,30,85,42,63,7,824,156,247,36,50,145,67,45,4,39,13,2,46
0,3,6,42,549,963,280,7,3,85,42,6,7,14,1356,247,36,50,145,67,45,4,39,13,2,46
12,34,534,6754,234,4,57676,234,658,234,67,0,24,5,6,8,4,56,9,1,2354,2,578
5,6,3,2,5,78,2,69,98,1,2,3,5,4,55,111,123,87,56,3645,31,7,2,9,22,90,54,9
9,6,3,2,1,21,28,645,73,9,2,4,25,96,34,2,5,74,32,5,8,1,566,21,45,36,9,512
0,3,6,42,59,963,20,7,3,85,42,6,7,14,156,247,36,50,145,67,45,4,39,13,2,46
50,3,6,42,59,963,20,787,3,85,452,6,7,14,156,247,36,50,145,67,45,4,39,13,2,546
60,33,6,42,59,963,240,7,30,85,42,63,7,824,156,247,36,50,145,67,45,4,39,13,2,46
0,3,6,42,549,963,280,7,3,85,42,6,7,14,1356,247,36,50,145,67,45,4,39,13,2,46
12,34,534,6754,234,4,57676,234,658,234,67,0,24,5,6,8,4,56,9,1,2354,2,578
5,6,3,2,5,78,2,69,98,1,2,3,5,4,55,111,123,87,56,3645,31,7,2,9,22,90,54,9
9,6,3,2,1,21,28,645,73,9,2,4,25,96,34,2,5,74,32,5,8,1,566,21,45,36,9,512
0,3,6,42,59,963,20,7,3,85,42,6,7,14,156,247,36,50,145,67,45,4,39,13,2,46
50,3,6,42,59,963,20,787,3,85,452,6,7,14,156,247,36,50,145,67,45,4,39,13,2,546
60,33,6,42,59,963,240,7,30,85,42,63,7,824,156,247,36,50,145,67,45,4,39,13,2,46
0,3,6,42,549,963,280,7,3,85,42,6,7,14,1356,247,36,50,145,67,45,4,39,13,2,46
12,34,534,6754,234,4,57676,234,658,234,67,0,24,5,6,8,4,56,9,1,2354,2,578
5,6,3,2,5,78,2,69,98,1,2,3,5,4,55,111,123,87,56,3645,31,7,2,9,22,90,54,9
9,6,3,2,1,21,28,645,73,9,2,4,25,96,34,2,5,74,32,5,8,1,566,21,45,36,9,512
0,3,6,42,59,963,20,7,3,85,42,6,7,14,156,247,36,50,145,67,45,4,39,13,2,46
50,3,6,42,59,963,20,787,3,85,452,6,7,14,156,247,36,50,145,67,45,4,39,13,2,546
60,33,6,42,59,963,240,7,30,85,42,63,7,824,156,247,36,50,145,67,45,4,39,13,2,46
0,3,6,42,549,963,280,7,3,85,42,6,7,14,1356,247,36,50,145,67,45,4,39,13,2,46
12,34,534,6754,234,4,57676,234,658,234,67,0,24,5,6,8,4,56,9,1,2354,2,578
5,6,3,2,5,78,2,69,98,1,2,3,5,4,55,111,123,87,56,3645,31,7,2,9,22,90,54,9
9,6,3,2,1,21,28,645,73,9,2,4,25,96,34,2,5,74,32,5,8,1,566,21,45,36,9,512
0,3,6,42,59,963,20,7,3,85,42,6,7,14,156,247,36,50,145,67,45,4,39,13,2,46
50,3,6,42,59,963,20,787,3,85,452,6,7,14,156,247,36,50,145,67,45,4,39,13,2,546
60,33,6,42,59,963,240,7,30,85,42,63,7,824,156,247,36,50,145,67,45,4,39,13,2,46
0,3,6,42,549,963,280,7,3,85,42,6,7,14,1356,247,36,50,145,67,45,4,39,13,2,46
12,34,534,6754,234,4,57676,234,658,234,67,0,24,5,6,8,4,56,9,1,2354,2,578
5,6,3,2,5,78,2,69,98,1,2,3,5,4,55,111,123,87,56,3645,31,7,2,9,22,90,54,9
9,6,3,2,1,21,28,645,73,9,2,4,25,96,34,2,5,74,32,5,8,1,566,21,45,36,9,512
0,3,6,42,59,963,20,7,3,85,42,6,7,14,156,247,36,50,145,67,45,4,39,13,2,46
50,3,6,42,59,963,20,787,3,85,452,6,7,14,156,247,36,50,145,67,45,4,39,13,2,546
60,33,6,42,59,963,240,7,30,85,42,63,7,824,156,247,36,50,145,67,45,4,39,13,2,46
0,3,6,42,549,963,280,7,3,85,42,6,7,14,1356,247,36,50,145,67,45,4,39,13,2,46
12,34,534,6754,234,4,57676,234,658,234,67,0,24,5,6,8,4,56,9,1,2354,2,578
5,6,3,2,5,78,2,69,98,1,2,3,5,4,55,111,123,87,56,3645,31,7,2,9,22,90,54,9
9,6,3,2,1,21,28,645,73,9,2,4,25,96,34,2,5,74,32,5,8,1,566,21,45,36,9,512
0,3,6,42,59,963,20,7,3,85,42,6,7,14,156,247,36,50,145,67,45,4,39,13,2,46
50,3,6,42,59,963,20,787,3,85,452,6,7,14,156,247,36,50,145,67,45,4,39,13,2,546
60,33,6,42,59,963,240,7,30,85,42,63,7,824,156,247,36,50,145,67,45,4,39,13,2,46
0,3,6,42,549,963,280,7,3,85,42,6,7,14,1356,247,36,50,145,67,45,4,39,13,2,46
12,34,534,6754,234,4,57676,234,658,234,67,0,24,5,6,8,4,56,9,1,2354,2,578
5,6,3,2,5,78,2,69,98,1,2,3,5,4,55,111,123,87,56,3645,31,7,2,9,22,90,54,9
9,6,3,2,1,21,28,645,73,9,2,4,25,96,34,2,5,74,32,5,8,1,566,21,45,36,9,512
0,3,6,42,59,963,20,7,3,85,42,6,7,14,156,247,36,50,145,67,45,4,39,13,2,46
50,3,6,42,59,963,20,787,3,85,452,6,7,14,156,247,36,50,145,67,45,4,39,13,2,546
60,33,6,42,59,963,240,7,30,85,42,63,7,824,156,247,36,50,145,67,45,4,39,13,2,46
0,3,6,42,549,963,280,7,3,85,42,6,7,14,1356,247,36,50,145,67,45,4,39,13,2,46
12,34,534,6754,234,4,57676,234,658,234,67,0,24,5,6,8,4,56,9,1,2354,2,578
5,6,3,2,5,78,2,69,98,1,2,3,5,4,55,111,123,87,56,3645,31,7,2,9,22,90,54,9
9,6,3,2,1,21,28,645,73,9,2,4,25,96,34,2,5,74,32,5,8,1,566,21,45,36,9,512
0,3,6,42,59,963,20,7,3,85,42,6,7,14,156,247,36,50,145,67,45,4,39,13,2,46
50,3,6,42,59,963,20,787,3,85,452,6,7,14,156,247,36,50,145,67,45,4,39,13,2,546
60,33,6,42,59,963,240,7,30,85,42,63,7,824,156,247,36,50,145,67,45,4,39,13,2,46
0,3,6,42,549,963,280,7,3,85,42,6,7,14,1356,247,36,50,145,67,45,4,39,13,2,46
12,34,534,6754,234,4,57676,234,658,234,67,0,24,5,6,8,4,56,9,1,2354,2,578
5,6,3,2,5,78,2,69,98,1,2,3,5,4,55,111,123,87,56,3645,31,7,2,9,22,90,54,9
9,6,3,2,1,21,28,645,73,9,2,4,25,96,34,2,5,74,32,5,8,1,566,21,45,36,9,512
0,3,6,42,59,963,20,7,3,85,42,6,7,14,156,247,36,50,145,67,45,4,39,13,2,46
50,3,6,42,59,963,20,787,3,85,452,6,7,14,156,247,36,50,145,67,45,4,39,13,2,546
60,33,6,42,59,963,240,7,30,85,42,63,7,824,156,247,36,50,145,67,45,4,39,13,2,46
0,3,6,42,549,963,280,7,3,85,42,6,7,14,1356,247,36,50,145,67,45,4,39,13,2,46
12,34,534,6754,234,4,57676,234,658,234,67,0,24,5,6,8,4,56,9,1,2354,2,578
5,6,3,2,5,78,2,69,98,1,2,3,5,4,55,111,123,87,56,3645,31,7,2,9,22,90,54,9
9,6,3,2,1,21,28,645,73,9,2,4,25,96,34,2,5,74,32,5,8,1,566,21,45,36,9,512
0,3,6,42,59,963,20,7,3,85,42,6,7,14,156,247,36,50,145,67,45,4,39,13,2,46
50,3,6,42,59,963,20,787,3,85,452,6,7,14,156,247,36,50,145,67,45,4,39,13,2,546
60,33,6,42,59,963,240,7,30,85,42,63,7,824,156,247,36,50,145,67,45,4,39,13,2,46
0,3,6,42,549,963,280,7,3,85,42,6,7,14,1356,247,36,50,145,67,45,4,39,13,2,46
12,34,534,6754,234,4,57676,234,658,234,67,0,24,5,6,8,4,56,9,1,2354,2,578
5,6,3,2,5,78,2,69,98,1,2,3,5,4,55,111,123,87,56,3645,31,7,2,9,22,90,54,9
9,6,3,2,1,21,28,645,73,9,2,4,25,96,34,2,5,74,32,5,8,1,566,21,45,36,9,512
0,3,6,42,59,963,20,7,3,85,42,6,7,14,156,247,36,50,145,67,45,4,39,13,2,46
50,3,6,42,59,963,20,787,3,85,452,6,7,14,156,247,36,50,145,67,45,4,39,13,2,546
60,33,6,42,59,963,240,7,30,85,42,63,7,824,156,247,36,50,145,67,45,4,39,13,2,46
0,3,6,42,549,963,280,7,3,85,42,6,7,14,1356,247,36,50,145,67,45,4,39,13,2,46
12,34,534,6754,234,4,57676,234,658,234,67,0,24,5,6,8,4,56,9,1,2354,2,578
5,6,3,2,5,78,2,69,98,1,2,3,5,4,55,111,123,87,56,3645,31,7,2,9,22,90,54,9
9,6,3,2,1,21,28,645,73,9,2,4,25,96,34,2,5,74,32,5,8,1,566,21,45,36,9,512
0,3,6,42,59,963,20,7,3,85,42,6,7,14,156,247,36,50,145,67,45,4,39,13,2,46
50,3,6,42,59,963,20,787,3,85,452,6,7,14,156,247,36,50,145,67,45,4,39,13,2,546
60,33,6,42,59,963,240,7,30,85,42,63,7,824,156,247,36,50,145,67,45,4,39,13,2,46
0,3,6,42,549,963,280,7,3,85,42,6,7,14,1356,247,36,50,145,67,45,4,39,13,2,46
12,34,534,6754,234,4,57676,234,658,234,67,0,24,5,6,8,4,56,9,1,2354,2,578
5,6,3,2,5,78,2,69,98,1,2,3,5,4,55,111,123,87,56,3645,31,7,2,9,22,90,54,9
9,6,3,2,1,21,28,645,73,9,2,4,25,96,34,2,5,74,32,5,8,1,566,21,45,36,9,512
0,3,6,42,59,963,20,7,3,85,42,6,7,14,156,247,36,50,145,67,45,4,39,13,2,46
50,3,6,42,59,963,20,787,3,85,452,6,7,14,156,247,36,50,145,67,45,4,39,13,2,546
60,33,6,42,59,963,240,7,30,85,42,63,7,824,156,247,36,50,145,67,45,4,39,13,2,46
0,3,6,42,549,963,280,7,3,85,42,6,7,14,1356,247,36,50,145,67,45,4,39,13,2,46

12,34,534,6754,234,4,57676,234,658,234,67,0,24,5,6,8,4,56,9,1,2354,2,578
5,6,3,2,5,78,2,69,98,1,2,3,5,4,55,111,123,87,56,3645,31,7,2,9,22,90,54,9
9,6,3,2,1,21,28,645,73,9,2,4,25,96,34,2,5,74,32,5,8,1,566,21,45,36,9,512
0,3,6,42,59,963,20,7,3,85,42,6,7,14,156,247,36,50,145,67,45,4,39,13,2,46
50,3,6,42,59,963,20,787,3,85,452,6,7,14,156,247,36,50,145,67,45,4,39,13,2,546
60,33,6,42,59,963,240,7,30,85,42,63,7,824,156,247,36,50,145,67,45,4,39,13,2,46
0,3,6,42,549,963,280,7,3,85,42,6,7,14,1356,247,36,50,145,67,45,4,39,13,2,46

12,34,534,6754,234,4,57676,234,658,234,67,0,24,5,6,8,4,56,9,1,2354,2,578
5,6,3,2,5,78,2,69,98,1,2,3,5,4,55,111,123,87,56,3645,31,7,2,9,22,90,54,9
9,6,3,2,1,21,28,645,73,9,2,4,25,96,34,2,5,74,32,5,8,1,566,21,45,36,9,512
0,3,6,42,59,963,20,7,3,85,42,6,7,14,156,247,36,50,145,67,45,4,39,13,2,46
50,3,6,42,59,963,20,787,3,85,452,6,7,14,156,247,36,50,145,67,45,4,39,13,2,546
60,33,6,42,59,963,240,7,30,85,42,63,7,824,156,247,36,50,145,67,45,4,39,13,2,46
0,3,6,42,549,963,280,7,3,85,42,6,7,14,1356,247,36,50,145,67,45,4,39,13,2,46
12,34,534,6754,234,4,57676,234,658,234,67,0,24,5,6,8,4,56,9,1,2354,2,578
5,6,3,2,5,78,2,69,98,1,2,3,5,4,55,111,123,87,56,3645,31,7,2,9,22,90,54,9
9,6,3,2,1,21,28,645,73,9,2,4,25,96,34,2,5,74,32,5,8,1,566,21,45,36,9,512
0,3,6,42,59,963,20,7,3,85,42,6,7,14,156,247,36,50,145,67,45,4,39,13,2,46
50,3,6,42,59,963,20,787,3,85,452,6,7,14,156,247,36,50,145,67,45,4,39,13,2,546
60,33,6,42,59,963,240,7,30,85,42,63,7,824,156,247,36,50,145,67,45,4,39,13,2,46
0,3,6,42,549,963,280,7,3,85,42,6,7,14,1356,247,36,50,145,67,45,4,39,13,2,46
12,34,534,6754,234,4,57676,234,658,234,67,0,24,5,6,8,4,56,9,1,2354,2,578
5,6,3,2,5,78,2,69,98,1,2,3,5,4,55,111,123,87,56,3645,31,7,2,9,22,90,54,9
9,6,3,2,1,21,28,645,73,9,2,4,25,96,34,2,5,74,32,5,8,1,566,21,45,36,9,512
0,3,6,42,59,963,20,7,3,85,42,6,7,14,156,247,36,50,145,67,45,4,39,13,2,46
50,3,6,42,59,963,20,787,3,85,452,6,7,14,156,247,36,50,145,67,45,4,39,13,2,546
60,33,6,42,59,963,240,7,30,85,42,63,7,824,156,247,36,50,145,67,45,4,39,13,2,46
0,3,6,42,549,963,280,7,3,85,42,6,7,14,1356,247,36,50,145,67,45,4,39,13,2,46
12,34,534,6754,234,4,57676,234,658,234,67,0,24,5,6,8,4,56,9,1,2354,2,578
5,6,3,2,5,78,2,69,98,1,2,3,5,4,55,111,123,87,56,3645,31,7,2,9,22,90,54,9
9,6,3,2,1,21,28,645,73,9,2,4,25,96,34,2,5,74,32,5,8,1,566,21,45,36,9,512
0,3,6,42,59,963,20,7,3,85,42,6,7,14,156,247,36,50,145,67,45,4,39,13,2,46
50,3,6,42,59,963,20,787,3,85,452,6,7,14,156,247,36,50,145,67,45,4,39,13,2,546
60,33,6,42,59,963,240,7,30,85,42,63,7,824,156,247,36,50,145,67,45,4,39,13,2,46
0,3,6,42,549,963,280,7,3,85,42,6,7,14,1356,247,36,50,145,67,45,4,39,13,2,46
12,34,534,6754,234,4,57676,234,658,234,67,0,24,5,6,8,4,56,9,1,2354,2,578
5,6,3,2,5,78,2,69,98,1,2,3,5,4,55,111,123,87,56,3645,31,7,2,9,22,90,54,9
9,6,3,2,1,21,28,645,73,9,2,4,25,96,34,2,5,74,32,5,8,1,566,21,45,36,9,512
0,3,6,42,59,963,20,7,3,85,42,6,7,14,156,247,36,50,145,67,45,4,39,13,2,46
50,3,6,42,59,963,20,787,3,85,452,6,7,14,156,247,36,50,145,67,45,4,39,13,2,546
60,33,6,42,59,963,240,7,30,85,42,63,7,824,156,247,36,50,145,67,45,4,39,13,2,46
0,3,6,42,549,963,280,7,3,85,42,6,7,14,1356,247,36,50,145,67,45,4,39,13,2,46

